117300698
10256919
10256919
117300698
117300698
117300698
265677779
265677779
265677779
1020604679
1020604679
1020604679
1112414404
1003600978
1003600978
1112414404
18559261
18559261
1112414404
718127199
718127199
1018527189
1018527189
1018527189
1112414404
1112414404
1112414404
533889414
533889414
533889414
235158236
205068839
205068839
235158236
235158236
235158236
408063131
408063131
408063131
593981336
593981336
593981336
655026344
136094221
136094221
536860250
201321869
201321869
458198215
458198215
458198215
437381416
437381416
437381416
536860250
536860250
536860250
655026344
655026344
655026344
922993639
922993639
922993639
949087710
949087710
949087710
1028581900
1028581900
1028581900
1033295046
1033295046
1033295046
468804732
468804732
468804732
620655684
172188257
172188257
620655684
620655684
620655684
273370895
273370895
273370895
902765635
493641261
493641261
902765635
10420816
10420816
902765635
29423969
29423969
902765635
193327291
193327291
146379992
146379992
146379992
290412907
29486729
29486729
191734237
191734237
191734237
290412907
290412907
290412907
545298157
545298157
545298157
901789056
901789056
901789056
902765635
902765635
902765635
657393874
657393874
657393874
434253476
92802302
92802302
147585325
147585325
147585325
434253476
434253476
434253476
529785394
529785394
529785394
859086619
859086619
859086619
808269185
765287560
765287560
663203557
663203557
663203557
808269185
808269185
808269185
936697318
936697318
936697318
443309732
443309732
443309732
908452263
908452263
908452263
1034396895
503061510
503061510
263672780
263672780
263672780
988011742
807420263
807420263
454644187
454644187
454644187
988011742
988011742
988011742
1018109779
649393308
649393308
1018109779
503738861
503738861
1018109779
1018109779
1018109779
1034396895
136872448
136872448
1034396895
1034396895
1034396895
1089658217
1089658217
1089658217
61532632
61532632
61532632
1108535471
1108535471
1108535471
1158548057
309759280
309759280
1158548057
1158548057
1158548057
1170706296
1080600478
1080600478
1170706296
915914918
915914918
1143707933
616024562
616024562
186571248
186571248
186571248
1143707933
455257984
455257984
5692275
5692275
5692275
636995650
636995650
636995650
496672467
496672467
496672467
819049128
819049128
819049128
1143707933
667725445
667725445
727583804
727583804
727583804
1143707933
1143707933
1143707933
556390035
92780787
92780787
556390035
556390035
556390035
96521636
96521636
96521636
627986687
569194177
569194177
627986687
627986687
627986687
1159569507
1159569507
1159569507
66748684
66748684
66748684
102219788
102219788
102219788
849989325
849989325
849989325
1007030044
1007030044
1007030044
1170706296
542328664
542328664
1170706296
151871508
151871508
46222099
46222099
46222099
861968593
861968593
861968593
81018430
81018430
81018430
265788668
265788668
265788668
836368415
836368415
836368415
846873320
828668264
828668264
71113689
71113689
71113689
846873320
737078374
737078374
846873320
364703808
364703808
77811146
77811146
77811146
846873320
846873320
846873320
899027289
899027289
899027289
964167590
961254584
961254584
700831142
641309492
641309492
624908950
624908950
624908950
700831142
528222076
528222076
700831142
700831142
700831142
703354467
703354467
703354467
325398768
325398768
325398768
846256183
496798433
496798433
846256183
846256183
846256183
964167590
964167590
964167590
968275514
701844882
701844882
895747687
895747687
895747687
968275514
968275514
968275514
1077201112
1077201112
1077201112
1082973127
1082973127
1082973127
642827516
412383426
412383426
642827516
642827516
642827516
12069680
12069680
12069680
704557514
538567397
538567397
704557514
201126299
201126299
704557514
704557514
704557514
429790043
429790043
429790043
676939320
676939320
676939320
789727309
479879267
479879267
789727309
211061910
211061910
789727309
789727309
789727309
170111125
170111125
170111125
7779588
7779588
7779588
687467135
687467135
687467135
751676488
751676488
751676488
799007363
799007363
799007363
810620912
810620912
810620912
676572850
238915384
238915384
676572850
676572850
676572850
282255946
282255946
282255946
897890711
510303807
510303807
897890711
897890711
897890711
920142072
480906686
480906686
920142072
168122263
168122263
920142072
920142072
920142072
906322268
822946614
822946614
599884947
235535528
235535528
599884947
599884947
599884947
414679601
414679601
414679601
639627666
639627666
639627666
807883207
807883207
807883207
906322268
489706257
489706257
906322268
906322268
906322268
1001532677
431284999
431284999
980629721
934872282
934872282
980629721
406009758
406009758
50310325
50310325
50310325
980629721
980629721
980629721
1001532677
746429267
746429267
1001532677
1001532677
1001532677
1006589116
942478485
942478485
1006589116
339709577
339709577
639057672
639057672
639057672
865984210
865984210
865984210
1006589116
1006589116
1006589116
1068814095
950818876
950818876
603215002
603215002
603215002
454303922
454303922
454303922
397014886
397014886
397014886
436903395
436903395
436903395
627859543
547054797
547054797
27006270
27006270
27006270
43534718
43534718
43534718
627859543
112670832
112670832
627859543
627859543
627859543
634824688
634824688
634824688
871922313
662608045
662608045
567656713
483474172
483474172
567656713
249198294
249198294
567656713
567656713
567656713
871922313
645778663
645778663
871922313
871922313
871922313
294581077
294581077
294581077
1064689774
1064689774
1064689774
1010658720
896524024
896524024
165115112
165115112
165115112
446358040
446358040
446358040
177165719
177165719
177165719
1010658720
464792002
464792002
1010658720
1010658720
1010658720
1068814095
1068814095
1068814095
1089994069
140618453
140618453
1089994069
1089994069
1089994069
1092287066
689005442
689005442
977042754
955079659
955079659
188869070
188869070
188869070
616466303
136250127
136250127
616466303
616466303
616466303
826321827
826321827
826321827
49227516
49227516
49227516
362808257
362808257
362808257
256499155
67156471
67156471
256499155
256499155
256499155
161997637
161997637
161997637
14287255
14287255
14287255
502554163
502554163
502554163
806567610
516831471
516831471
747069464
747069464
747069464
39805361
39805361
39805361
552743421
552743421
552743421
404608876
404608876
404608876
806567610
71827924
71827924
402916405
402916405
402916405
595847251
595847251
595847251
806567610
806567610
806567610
661635394
661635394
661635394
807630537
644993603
644993603
807630537
807630537
807630537
835400026
766553815
766553815
835400026
835400026
835400026
835546734
441229807
441229807
835546734
835546734
835546734
858506021
858506021
858506021
920022848
920022848
920022848
897996687
897996687
897996687
977042754
626261267
626261267
823708126
823708126
823708126
977042754
394997260
394997260
977042754
977042754
977042754
406625254
225154836
225154836
406625254
406625254
406625254
569165893
569165893
569165893
260144041
260144041
260144041
1027515487
4800220
4800220
599194990
599194990
599194990
927622793
89645909
89645909
927622793
679535201
679535201
927622793
927622793
927622793
615736052
210929914
210929914
287983135
287983135
287983135
615736052
48616997
48616997
615736052
615736052
615736052
897919379
355891563
355891563
897919379
708824086
708824086
897919379
661814480
661814480
334062309
334062309
334062309
407839245
293938477
293938477
391216691
106942930
106942930
391216691
391216691
391216691
407839245
407839245
407839245
471482663
471482663
471482663
897919379
72337086
72337086
897919379
897919379
897919379
925377275
925377275
925377275
1027515487
1027515487
1027515487
218914032
218914032
218914032
813963877
813963877
813963877
503281507
503281507
503281507
599734267
599734267
599734267
786540205
597778718
597778718
786540205
296485004
296485004
137446843
137446843
137446843
786540205
786540205
786540205
817817488
817817488
817817488
324581240
324581240
324581240
862087413
489627545
489627545
862087413
846907120
846907120
19114793
19114793
19114793
263585368
263585368
263585368
364149932
364149932
364149932
780998276
780998276
780998276
862087413
738149713
738149713
862087413
862087413
862087413
986548620
13020960
13020960
986548620
986548620
986548620
672082865
672082865
672082865
324886587
324886587
324886587
992821182
992821182
992821182
991935445
15550641
15550641
991935445
991935445
991935445
1007416674
886584881
886584881
467850543
467850543
467850543
862975767
862975767
862975767
964737197
175851190
175851190
964737197
254405170
254405170
104420499
104420499
104420499
669351339
669351339
669351339
964737197
964737197
964737197
1007416674
1007416674
1007416674
250457472
250457472
250457472
663945205
380521227
380521227
663945205
591331688
591331688
134305634
134305634
134305634
155478982
155478982
155478982
663945205
663945205
663945205
709800344
409639288
409639288
313631572
313631572
313631572
709800344
709800344
709800344
460619265
410966485
410966485
460619265
460619265
460619265
356707603
356707603
356707603
57264144
57264144
57264144
4384015
4384015
4384015
703694836
703694836
703694836
728218340
6605828
6605828
607370422
607370422
607370422
728218340
728218340
728218340
792185302
792185302
792185302
472875687
283991236
283991236
472875687
472875687
472875687
797018268
544210038
544210038
797018268
727673011
727673011
450622879
450622879
450622879
581097786
581097786
581097786
689315962
689315962
689315962
797018268
797018268
797018268
810264751
184740238
184740238
607332257
607332257
607332257
66280594
66280594
66280594
810264751
390391368
390391368
810264751
810264751
810264751
831346376
831346376
831346376
709166774
11692403
11692403
709166774
290048457
290048457
709166774
44635040
44635040
709166774
709166774
709166774
118111740
118111740
118111740
717915614
717915614
717915614
768026605
768026605
768026605
835197957
835197957
835197957
841471882
106951786
106951786
230758052
230758052
230758052
841471882
841471882
841471882
783012100
783012100
783012100
72757167
72757167
72757167
557789212
382281296
382281296
557789212
557789212
557789212
803830914
432297341
432297341
803830914
803830914
803830914
870338428
870338428
870338428
263436488
263436488
263436488
577592236
577592236
577592236
339555311
339555311
339555311
915482676
826518816
826518816
915482676
915482676
915482676
928895246
879161953
879161953
638103891
638103891
638103891
928895246
745177085
745177085
487229867
487229867
487229867
894589586
894589586
894589586
601467352
601467352
601467352
928895246
353326817
353326817
556982570
556982570
556982570
184562903
184562903
184562903
928895246
123665819
123665819
928895246
928895246
928895246
740100509
740100509
740100509
934491178
934491178
934491178
519137020
519137020
519137020
950002844
950002844
950002844
758293855
758293855
758293855
137521855
137521855
137521855
969496927
969496927
969496927
838898393
178122873
178122873
397963212
397963212
397963212
838898393
838898393
838898393
974218372
692610587
692610587
974218372
681217501
681217501
974218372
974218372
974218372
987178579
987178579
987178579
992668712
992668712
992668712
588512556
588512556
588512556
1000253121
522149837
522149837
955025242
844640890
844640890
955025242
955025242
955025242
1000253121
1000253121
1000253121
16201787
16201787
16201787
43559519
43559519
43559519
155865911
155865911
155865911
895276592
895276592
895276592
870356386
401000345
401000345
870356386
251700607
251700607
209872573
209872573
209872573
870356386
870356386
870356386
139399832
139399832
139399832
672466577
672466577
672466577
758940158
758940158
758940158
1019641751
1019641751
1019641751
923973888
923973888
923973888
10544310
10544310
10544310
401062606
401062606
401062606
2865805
2865805
2865805
102476940
102476940
102476940
131586136
131586136
131586136
439359912
439359912
439359912
1021567326
303563480
303563480
456314486
456314486
456314486
503595742
503595742
503595742
902336114
713457985
713457985
902336114
902336114
902336114
1021567326
1021567326
1021567326
437192581
437192581
437192581
375006436
239664963
239664963
375006436
375006436
375006436
784848097
784848097
784848097
130314295
130314295
130314295
469555715
23355369
23355369
469555715
469555715
469555715
592587756
592587756
592587756
88964716
88964716
88964716
597586459
597586459
597586459
746723378
746723378
746723378
628564946
129892038
129892038
628564946
628564946
628564946
143954609
143954609
143954609
923865811
923865811
923865811
1032018899
1032018899
1032018899
1033104197
1033104197
1033104197
1034822385
1034822385
1034822385
569256741
569256741
569256741
863328113
205282401
205282401
342648622
342648622
342648622
817251460
817251460
817251460
863328113
863328113
863328113
1045832881
1045832881
1045832881
1049679818
773153777
773153777
595882869
260269570
260269570
595882869
595882869
595882869
816665660
574875619
574875619
816665660
87018975
87018975
30867731
30867731
30867731
712217217
712217217
712217217
816665660
816665660
816665660
1049679818
357825434
357825434
111456457
111456457
111456457
1049679818
994508900
994508900
1049679818
253009938
253009938
829331035
829331035
829331035
1049679818
1049679818
1049679818
1070147502
1070147502
1070147502
496430260
496430260
496430260
1075930479
1075930479
1075930479
218762820
218762820
218762820
206426018
206426018
206426018
971707140
401205752
401205752
860500986
318166360
318166360
860500986
547753981
547753981
860500986
860500986
860500986
971707140
971707140
971707140
247908505
247908505
247908505
1078492313
907205059
907205059
1078492313
1078492313
1078492313
26986379
26986379
26986379
1080394929
180932903
180932903
30321742
30321742
30321742
1080394929
668714788
668714788
1080394929
1080394929
1080394929
280027710
280027710
280027710
664809619
664809619
664809619
999976711
604445214
604445214
999976711
999976711
999976711
1083544037
423040765
423040765
1083544037
1083544037
1083544037
1092287066
1092287066
1092287066
1044029034
355518702
355518702
714406371
714406371
714406371
1044029034
1044029034
1044029034
931893347
931893347
931893347
1092334284
49488893
49488893
1058829831
787611731
787611731
722279315
722279315
722279315
313400175
313400175
313400175
1058829831
1058829831
1058829831
1092334284
1092334284
1092334284
943078000
340230893
340230893
943078000
943078000
943078000
232196611
232196611
232196611
250351947
250351947
250351947
962596412
820613817
820613817
220646763
220646763
220646763
67058291
67058291
67058291
124133585
124133585
124133585
816805104
539016654
539016654
816805104
740521872
740521872
816805104
816805104
816805104
962596412
962596412
962596412
1003988093
1003988093
1003988093
1095668989
870182036
870182036
507154085
507154085
507154085
559868315
559868315
559868315
963023645
32597516
32597516
963023645
570407146
570407146
963023645
23190847
23190847
963023645
963023645
963023645
1095668989
1095668989
1095668989
38565807
38565807
38565807
380618489
380618489
380618489
1098514498
938751480
938751480
515272623
515272623
515272623
1098514498
1098514498
1098514498
881728355
192026741
192026741
881728355
52400692
52400692
881728355
881728355
881728355
372244430
372244430
372244430
1003687613
1003687613
1003687613
1079329421
1079329421
1079329421
608730941
608730941
608730941
475022829
475022829
475022829
1098729163
1098729163
1098729163
1111511173
1111511173
1111511173
242192890
129205356
129205356
242192890
242192890
242192890
560587981
560587981
560587981
927738644
24621277
24621277
833493170
833493170
833493170
927738644
927738644
927738644
1040074876
1040074876
1040074876
1082273971
1082273971
1082273971
713164985
713164985
713164985
1112814065
1112814065
1112814065
505544713
8259935
8259935
505544713
505544713
505544713
636249498
588063930
588063930
636249498
636249498
636249498
708471178
708471178
708471178
40690548
40690548
40690548
994526744
994526744
994526744
188665812
68123018
68123018
188665812
188665812
188665812
306007181
306007181
306007181
355296141
190118871
190118871
355296141
355296141
355296141
1046185845
1001306660
1001306660
1046185845
672801050
672801050
1046185845
273589617
273589617
28310138
28310138
28310138
495021723
495021723
495021723
50755776
50755776
50755776
192529848
192529848
192529848
216993110
174413361
174413361
216993110
76660085
76660085
216993110
216993110
216993110
820570137
662569757
662569757
820570137
485812775
485812775
820570137
281022990
281022990
820570137
357617613
357617613
820570137
820570137
820570137
801480040
801480040
801480040
887575145
887575145
887575145
932567923
932567923
932567923
1007583197
1007583197
1007583197
1046185845
1046185845
1046185845
1032210552
927601891
927601891
976802696
976802696
976802696
1032210552
455057486
455057486
238888299
238888299
238888299
959562747
13179929
13179929
959562747
959562747
959562747
112921755
112921755
112921755
487085811
487085811
487085811
411673057
175699903
175699903
411673057
411673057
411673057
896026222
330130789
330130789
183265089
183265089
183265089
896026222
896026222
896026222
914691815
914691815
914691815
916340228
916340228
916340228
417624244
417624244
417624244
959374078
959374078
959374078
1032210552
485821324
485821324
384290983
321714723
321714723
384290983
384290983
384290983
20764566
20764566
20764566
320624386
320624386
320624386
888172379
682555049
682555049
888172379
888172379
888172379
685270728
685270728
685270728
876649132
427112908
427112908
669952330
585818077
585818077
669952330
605511078
605511078
523518969
499238543
499238543
155069212
155069212
155069212
523518969
88504716
88504716
523518969
423172814
423172814
442736881
442736881
442736881
176062694
176062694
176062694
324785367
324785367
324785367
523518969
523518969
523518969
9566484
9566484
9566484
669952330
669952330
669952330
833540447
833540447
833540447
876649132
425399768
425399768
876649132
876649132
876649132
766516399
766516399
766516399
929406638
929406638
929406638
531650659
531650659
531650659
709052078
709052078
709052078
931120731
374047720
374047720
535961692
535961692
535961692
214913094
214913094
214913094
258617872
258617872
258617872
633347570
633347570
633347570
931120731
931120731
931120731
733087512
733087512
733087512
638561192
40797733
40797733
638561192
638561192
638561192
814970430
814970430
814970430
845051272
845051272
845051272
912980190
546125338
546125338
912980190
855583596
855583596
912980190
46623740
46623740
454899977
454899977
454899977
261355726
261355726
261355726
301690642
301690642
301690642
912980190
912980190
912980190
821041864
121343881
121343881
125201730
125201730
125201730
780002532
780002532
780002532
821041864
821041864
821041864
1024420314
1024420314
1024420314
1026321577
649965064
649965064
1026321577
697997291
697997291
88865529
88865529
88865529
596599650
596599650
596599650
711547725
630123216
630123216
451714747
451714747
451714747
289636779
289636779
289636779
424485455
424485455
424485455
711547725
566005564
566005564
711547725
711547725
711547725
779438361
482459472
482459472
779438361
779438361
779438361
912240295
99372495
99372495
912240295
763560833
763560833
912240295
835721246
835721246
912240295
770343609
770343609
912240295
491082454
491082454
253818255
239196833
239196833
20312955
20312955
20312955
253818255
253818255
253818255
565067389
448609609
448609609
526993286
526993286
526993286
565067389
286027896
286027896
15947363
15947363
15947363
565067389
565067389
565067389
865678994
284289262
284289262
620220833
615855557
615855557
620220833
620220833
620220833
865678994
865678994
865678994
33353414
33353414
33353414
861161996
861161996
861161996
912240295
227503206
227503206
873837167
873837167
873837167
272378012
272378012
272378012
160509896
160509896
160509896
607266650
168715838
168715838
468168069
468168069
468168069
607266650
607266650
607266650
558538007
558538007
558538007
398880122
398880122
398880122
598928982
598928982
598928982
158065859
158065859
158065859
508504896
508504896
508504896
666935706
666935706
666935706
737766118
737766118
737766118
745638711
745638711
745638711
402173134
402173134
402173134
750400520
548759156
548759156
745361625
745361625
745361625
750400520
750400520
750400520
776971491
769222652
769222652
776971491
289989041
289989041
416340171
416340171
416340171
776971491
776971491
776971491
912240295
912240295
912240295
622948773
622948773
622948773
917689709
917689709
917689709
538573025
538573025
538573025
925229804
925229804
925229804
240962600
240962600
240962600
945247210
945247210
945247210
993430577
546114202
546114202
238009679
238009679
238009679
502542140
502542140
502542140
745551010
692351213
692351213
179146115
179146115
179146115
269588425
269588425
269588425
619084276
213580033
213580033
619084276
161808726
161808726
41705311
41705311
41705311
619084276
191956401
191956401
619084276
619084276
619084276
745551010
745551010
745551010
993430577
528344275
528344275
896466913
896466913
896466913
993430577
95354830
95354830
27971722
27971722
27971722
993430577
185821539
185821539
503168416
503168416
503168416
694918647
694918647
694918647
610311257
610311257
610311257
789777736
20102409
20102409
397028242
397028242
397028242
714011696
714011696
714011696
789777736
789777736
789777736
565477390
374107158
374107158
565477390
335126276
335126276
565477390
441406076
441406076
565477390
105412558
105412558
565477390
565477390
565477390
774267846
774267846
774267846
993430577
993430577
993430577
385847736
385847736
385847736
220699456
220699456
220699456
571324050
571324050
571324050
916818569
852461708
852461708
916818569
916818569
916818569
641057273
641057273
641057273
45146223
45146223
45146223
927125787
317785730
317785730
927125787
808804433
808804433
927125787
371964518
371964518
927125787
47775690
47775690
198827301
123034643
123034643
198827301
198827301
198827301
927125787
927125787
927125787
869602146
869602146
869602146
996346944
132624989
132624989
996346944
885722882
885722882
174735176
174735176
174735176
883261382
474372483
474372483
210435234
210435234
210435234
883261382
883261382
883261382
996346944
59439528
59439528
996346944
996346944
996346944
668213710
668213710
668213710
409416649
409416649
409416649
579170659
579170659
579170659
315654532
315654532
315654532
802939902
782013767
782013767
802939902
802939902
802939902
15692657
15692657
15692657
932208527
883070551
883070551
932208527
112962687
112962687
639601927
639601927
639601927
795637303
795637303
795637303
926220708
763904432
763904432
926220708
665378092
665378092
644904450
644904450
644904450
844930652
172263431
172263431
178755673
178755673
178755673
792178056
792178056
792178056
844930652
354988123
354988123
461435839
461435839
461435839
241975843
241975843
241975843
844930652
844930652
844930652
926220708
448032326
448032326
926220708
926220708
926220708
25311000
25311000
25311000
932208527
932208527
932208527
932842244
542066593
542066593
29993385
29993385
29993385
198307183
198307183
198307183
241534402
241534402
241534402
655301270
655301270
655301270
747249869
227166667
227166667
747249869
747249869
747249869
920784175
364494562
364494562
920784175
850537500
850537500
920784175
920784175
920784175
932842244
932842244
932842244
102577635
102577635
102577635
946860859
451807183
451807183
701572513
701572513
701572513
946860859
946860859
946860859
826929273
823056851
823056851
774472134
774472134
774472134
826929273
352968874
352968874
754563970
754563970
754563970
826929273
316217644
316217644
826929273
254488085
254488085
826929273
826929273
826929273
952736403
584088490
584088490
558647317
558647317
558647317
203235116
203235116
203235116
952736403
952736403
952736403
963253698
963253698
963253698
974626026
898412856
898412856
974626026
974626026
974626026
1007104027
563748632
563748632
880979574
880979574
880979574
1007104027
108921326
108921326
556488411
556488411
556488411
151889337
151889337
151889337
1007104027
1007104027
1007104027
1008720015
1008720015
1008720015
1010053614
142370465
142370465
1010053614
1010053614
1010053614
445260166
445260166
445260166
462021752
462021752
462021752
666320899
666320899
666320899
490863415
490863415
490863415
702618215
180376822
180376822
702618215
257931063
257931063
702618215
702618215
702618215
735822142
735822142
735822142
733823257
733823257
733823257
310857119
310857119
310857119
745840525
545724446
545724446
745840525
745840525
745840525
805889658
805889658
805889658
977947422
977947422
977947422
54375123
54375123
54375123
1026209337
1026209337
1026209337
319284459
319284459
319284459
297373592
297373592
297373592
866415641
314743700
314743700
142628082
142628082
142628082
863616549
342276990
342276990
863616549
504325521
504325521
863616549
289029764
289029764
274906700
274906700
274906700
674586738
674586738
674586738
863616549
273281218
273281218
863616549
863616549
863616549
866415641
866415641
866415641
911568662
911568662
911568662
916964724
916964724
916964724
878028444
324206401
324206401
131233678
131233678
131233678
624973420
624973420
624973420
878028444
878028444
878028444
1024000482
1024000482
1024000482
1026321577
339990226
339990226
1026321577
569263480
569263480
665588478
665588478
665588478
1026321577
1026321577
1026321577
1032210552
96874651
96874651
661689266
661689266
661689266
1032210552
202963820
202963820
1032210552
7025061
7025061
791463879
553134613
553134613
791463879
791463879
791463879
954465166
745311942
745311942
954465166
954465166
954465166
203401528
203401528
203401528
328228649
328228649
328228649
807364363
472572169
472572169
807364363
807364363
807364363
1032210552
738283929
738283929
137031021
137031021
137031021
434167574
434167574
434167574
686079263
213632170
213632170
686079263
686079263
686079263
730805881
730805881
730805881
729650218
729650218
729650218
648233635
412643389
412643389
6497456
6497456
6497456
648233635
648233635
648233635
852226495
321228244
321228244
587197778
587197778
587197778
674335117
674335117
674335117
852226495
852226495
852226495
1000418546
1000418546
1000418546
1032210552
1032210552
1032210552
493684993
493684993
493684993
692030125
692030125
692030125
884112078
518669576
518669576
884112078
140411706
140411706
884112078
884112078
884112078
427374407
27803648
27803648
427374407
345589509
345589509
427374407
427374407
427374407
751013312
751013312
751013312
779948427
779948427
779948427
727181206
186324332
186324332
727181206
727181206
727181206
948558625
948558625
948558625
1035292271
521141261
521141261
847528303
645910455
645910455
847528303
349827115
349827115
847528303
847528303
847528303
235114604
235114604
235114604
285656561
148126988
148126988
285656561
258032813
258032813
285656561
285656561
285656561
485512091
115582831
115582831
485512091
485512091
485512091
509890263
382550900
382550900
509890263
509890263
509890263
162767536
162767536
162767536
393031657
393031657
393031657
359737687
359737687
359737687
667177244
104426376
104426376
667177244
597548011
597548011
667177244
667177244
667177244
46651271
46651271
46651271
678503774
678503774
678503774
573873271
573873271
573873271
449051631
449051631
449051631
975645919
975645919
975645919
708417259
472356131
472356131
649194117
320948619
320948619
649194117
649194117
649194117
708417259
708417259
708417259
392397062
392397062
392397062
220314318
220314318
220314318
769080287
769080287
769080287
414451995
414451995
414451995
990667411
272778848
272778848
279896558
279896558
279896558
288296457
288296457
288296457
990667411
990667411
990667411
623792867
623792867
623792867
976326378
976326378
976326378
1035292271
1035292271
1035292271
1036289074
1036289074
1036289074
1037906870
1037906870
1037906870
84854392
84854392
84854392
293673624
292724103
292724103
182157926
182157926
182157926
172670241
172670241
172670241
293673624
293673624
293673624
386033731
386033731
386033731
360937876
360937876
360937876
455487523
455487523
455487523
100192901
100192901
100192901
629428498
629428498
629428498
819491940
571094169
571094169
819491940
819491940
819491940
473519235
473519235
473519235
31805681
31805681
31805681
820779814
360617204
360617204
820779814
511519040
511519040
820779814
595740311
595740311
820779814
820779814
820779814
200430891
200430891
200430891
898738801
898738801
898738801
486279511
486279511
486279511
468428910
88032369
88032369
468428910
46789546
46789546
468428910
468428910
468428910
631780550
631780550
631780550
200336151
200336151
200336151
15417333
15417333
15417333
62300089
62300089
62300089
153908096
153908096
153908096
905714927
601107253
601107253
905714927
905714927
905714927
23656763
23656763
23656763
256289966
256289966
256289966
929192358
929192358
929192358
1005076272
438210414
438210414
1005076272
1005076272
1005076272
598088641
598088641
598088641
541527455
541527455
541527455
1040593035
1040593035
1040593035
1048209621
517650389
517650389
1048209621
1048209621
1048209621
1048528116
1048528116
1048528116
161300603
161300603
161300603
674091528
674091528
674091528
161653711
161653711
161653711
436196489
436196489
436196489
554447909
554447909
554447909
312980999
312980999
312980999
640587908
640587908
640587908
820676161
820676161
820676161
53361714
53361714
53361714
106587951
106587951
106587951
904739447
221941127
221941127
904739447
904739447
904739447
1012779136
383159998
383159998
319483805
319483805
319483805
921852395
329784826
329784826
618036995
365288283
365288283
618036995
419762124
419762124
618036995
618036995
618036995
665020114
665020114
665020114
646090294
646090294
646090294
173540455
114968575
114968575
173540455
173540455
173540455
291490053
291490053
291490053
682327102
142903920
142903920
682327102
605573239
605573239
682327102
682327102
682327102
26540338
17755214
17755214
26540338
26540338
26540338
684526804
521564267
521564267
684526804
684526804
684526804
765233766
33250518
33250518
765233766
765233766
765233766
166403635
166403635
166403635
921852395
921852395
921852395
85707089
85707089
85707089
629345594
421561402
421561402
530364431
530364431
530364431
629345594
629345594
629345594
277029284
277029284
277029284
896207662
684493396
684493396
896207662
896207662
896207662
68015184
68015184
68015184
930922698
930922698
930922698

elapsed within 6 115 620 960 nanosecs.