590187326
504845711
504845711
415006667
415006667
415006667
590187326
590187326
590187326
19637288
19637288
19637288
759777238
254091985
254091985
83187044
83187044
83187044
219632089
219632089
219632089
759777238
759777238
759777238
503373076
325304452
325304452
503373076
357897606
357897606
503373076
503373076
503373076
911253618
258054737
258054737
814671670
814671670
814671670
455148849
455148849
455148849
826713600
826713600
826713600
316514659
316514659
316514659
911253618
911253618
911253618
1056109691
1056109691
1056109691
842865880
138877289
138877289
842865880
842865880
842865880
1058018009
1058018009
1058018009
815280149
427166777
427166777
158965387
158965387
158965387
331748320
331748320
331748320
815280149
815280149
815280149
807013479
130501965
130501965
807013479
453745327
453745327
807013479
807013479
807013479
1064086521
472860562
472860562
1064086521
1064086521
1064086521
5568981
5568981
5568981
357961790
357961790
357961790
1073014563
13022020
13022020
798311590
798311590
798311590
133024958
133024958
133024958
709145753
709145753
709145753
1003380141
17439113
17439113
1003380141
791727572
791727572
1003380141
638019417
638019417
1003380141
919410961
919410961
991612364
396453734
396453734
991612364
991612364
991612364
812922334
812922334
812922334
501104254
501104254
501104254
1003380141
786004539
786004539
1003380141
1003380141
1003380141
797447475
521595248
521595248
419875405
419875405
419875405
797447475
797447475
797447475
883022944
449848270
449848270
370003110
273052126
273052126
237629171
237629171
237629171
370003110
330228458
330228458
370003110
285302723
285302723
350573718
350573718
350573718
233214293
233214293
233214293
370003110
370003110
370003110
590284679
590284679
590284679
671353209
671353209
671353209
749542493
749542493
749542493
831162294
831162294
831162294
883022944
861862876
861862876
631004591
447751284
447751284
420953587
420953587
420953587
631004591
228258502
228258502
631004591
631004591
631004591
883022944
818233174
818233174
781040615
372021524
372021524
494399912
494399912
494399912
781040615
781040615
781040615
109105718
109105718
109105718
862467722
862467722
862467722
883022944
883022944
883022944
1025375591
252492938
252492938
1025375591
1025375591
1025375591
1044287230
403510726
403510726
113389095
113389095
113389095
627362281
627362281
627362281
652043277
652043277
652043277
727017017
727017017
727017017
203665181
203665181
203665181
775433111
56519852
56519852
775433111
94104224
94104224
631683479
631683479
631683479
763281314
750787230
750787230
240112395
240112395
240112395
125260837
125260837
125260837
763281314
763281314
763281314
775433111
21875499
21875499
775433111
775433111
775433111
783704770
334811241
334811241
783704770
438123284
438123284
783704770
783704770
783704770
815238620
82142488
82142488
263023622
263023622
263023622
126046038
126046038
126046038
815238620
815238620
815238620
906475526
906475526
906475526
911375340
911375340
911375340
268778929
268778929
268778929

elapsed within 32 755 990 nanosecs.