908691825
908691825
908691825
268220437
268220437
268220437
268220437
268220437
268220437
268220437
268220437
268220437
268220437
268220437
268220437
268220437
268220437
268220437
25917040
25917040
25917040
25917040
25917040
25917040
25917040
25917040
25917040
25917040
25917040
25917040
25917040
25917040
25917040
25917040
25917040
25917040
25917040
25917040
25917040
25917040
25917040
25917040
25917040
25917040
25917040
25917040
25917040
25917040
25917040
25917040
25917040
25917040
25917040
25917040
25917040
25917040
25917040
25917040
25917040
25917040
25917040
25917040
25917040
25917040
25917040
25917040
25917040
25917040
25917040
25917040
25917040
25917040
25917040
25917040
25917040
25917040
25917040
25917040
25917040
25917040
25917040
25917040
25917040
25917040
25917040
25917040
25917040
25917040
25917040
25917040
25917040
25917040
25917040
25917040
25917040
25917040
25917040
25917040
25917040
25917040
25917040
82999352
82999352
139440550
139440550
176593368
176593368
222498262
222498262
263539205
263539205
268220437
268220437
313509188
313509188
329953509
329953509
341972001
341972001
366948208
366948208
378686925
378686925
385152972
385152972
409476030
409476030
435265954
435265954
449331044
449331044
451178269
451178269
556261646
556261646
605150821
605150821
611885630
611885630
616802047
616802047
623247757
623247757
632293197
632293197
643646508
643646508
659236857
659236857
661747771
661747771
670377270
670377270
678315857
678315857
682213140
682213140
695782107
695782107
698811909
698811909
763665720
763665720
807266835
807266835
895482189
895482189
905723975
905723975
905727205
905727205
908691825
908691825
913063406
913063406
934066971
934066971
941230353
941230353
946662186
946662186
953424372
953424372
979513540
979513540
983514631
983514631
1037615703
1037615703
1044637081
1044637081
1074475566
1074475566
1105830536
1105830536
1118094968
1118094968
1123278788
1123278788
1138169493
1138169493
1145156017
1145156017
1154883031
1154883031
1157756880
1157756880
1212161208
1212161208
1274549928
1274549928
1301063493
1301063493
1321575760
1321575760
1359613475
1359613475
1361045802
1361045802
1379656693
1379656693
1405411895
1405411895
1444875288
1444875288
1478143252
1478143252
1513646580
1513646580
1514116926
1514116926
1521109448
1521109448
1531321999
1531321999
1553669987
1553669987
1554798002
1554798002
1559997997
1559997997
1564838286
1564838286
1602354776
1602354776
1620840823
1620840823
1624449782
1624449782
1627859746
1627859746
1667940061
1667940061
1672644828
1672644828
1690988376
1690988376
1692226358
1692226358
1710261242
1710261242
1731429160
1731429160
1735752766
1735752766
1763976149
1763976149
1810306693
1810306693
1813831618
1813831618
1813996117
1813996117
1838001286
1838001286
1844783713
1844783713
1852729671
1852729671
1859448839
1859448839
1872192247
1872192247
1942639664
1942639664
1952368997
1952368997
1964689072
1964689072
2007715106
2007715106
2038966420
2038966420
2078886517
2078886517
2100930139
2100930139
2137380527
2137380527
nil

elapsed within 35 000 060 nanosecs.