nil
nil
nil
nil
1638295423
488020949
488020949
488020949
488020949
1553970222
1553970222
1638295423
845020813
845020813
1638295423
1292804051
1292804051
1638295423
1355115264
1355115264
1638295423
590871294
148080436
148080436
103680544
103680544
148080436
148080436
590871294
590871294
1419306604
322709634
322709634
1419306604
1419306604
854959538
854959538
854959538
1356091631
704763981
704763981
454228819
454228819
704763981
704763981
1356091631
1356091631
1419306604
212724337
212724337
212724337
212724337
212724337
212724337
212724337
695801570
695801570
695801570
1047479143
1047479143
1333223673
1333223673
1345066784
1345066784
1345066784
1419306604
206192791
206192791
206192791
1419306604
1419306604
602608622
602608622
1419306604
1419306604
1456840300
1456840300
1456840300
1606986087
1606986087
1638295423
1638295423
1696933239
1696933239
1696933239
1751131269
1751131269
1326788591
6385016
6385016
6385016
1326788591
1326788591
1751131269
1056558675
1056558675
1751131269
1751131269
1754895051
1754895051
1778053320
1365348531
984381224
984381224
1365348531
352413509
352413509
1365348531
1365348531
1778053320
1778053320
1838479972
1838479972
1864819128
1864819128
1864819128
1880704026
1384337459
1121285732
1121285732
1121285732
387749373
387749373
1121285732
1121285732
1193386674
1193386674
1384337459
1384337459
1532715289
140694299
140694299
1532715289
138148770
138148770
1532715289
1532715289
1880704026
1880704026
1890910483
1890910483
1951928803
1951928803
1973400243
1973400243
207469102
207469102
207469102
1244046451
1244046451
282056867
282056867
158153828
158153828
282056867
282056867
1244046451
514368104
514368104
1244046451
1244046451
1244046451
1362892872
1362892872
1107005361
1107005361
1107005361
670977519
670977519
1107005361
1107005361
1293329680
1293329680
1362892872
1362892872
1821171800
1821171800
1887803269
1887803269
1973400243
1973400243
2025510055
2025510055
2110403911
71902168
71902168
71902168
1042068437
1042068437
2110403911
1251743564
1251743564
2110403911
2110403911
2119551459
2119551459
2123767268
2123767268
nil
nil
nil
nil
nil
nil
nil
nil
nil
nil
nil
nil
nil
365225976
365225976
nil
nil
nil
1312516791
984586330
984586330
1312516791
1312516791
nil
1762256373
1762256373
nil
867437993
867437993
nil
nil
nil
1653879089
530599951
530599951
1653879089
1653879089
nil
nil
nil
nil
nil
nil
nil
nil
nil
nil
nil
98645348
98645348
98645348
98645348
355652669
355652669
1851922868
1674255345
1674255345
1851922868
1509704367
1509704367
1509704367
1851922868
1851922868
2028523567
1216537971
1216537971
2028523567
2028523567
nil
1483698204
1058136080
551263106
551263106
1058136080
1058136080
1483698204
1483698204
nil
1414080562
214999675
214999675
214999675
214999675
214999675
477693142
119681503
119681503
119681503
6395368
6395368
6395368
6395368
6395368
6395368
6395368
6395368
6395368
6395368
119681503
119681503
119681503
119681503
119681503
119681503
267453910
267453910
372107115
137626966
137626966
137626966
372107115
372107115
372107115
372107115
438948907
438948907
468863908
468863908
477693142
477693142
536312233
536312233
693486286
693486286
721764542
721764542
721764542
721764542
862215435
862215435
919308348
919308348
919308348
919308348
341349389
341349389
919308348
919308348
1166799610
1166799610
1306109451
1140608540
1140608540
1306109451
832922824
832922824
832922824
1299670944
780193574
780193574
780193574
1299670944
647295802
647295802
1299670944
339829200
339829200
1299670944
1299670944
1306109451
977077109
977077109
1306109451
251422683
251422683
1306109451
1306109451
1306109451
1306109451
1364001996
1364001996
1414080562
1414080562
1426328838
1426328838
1464964213
1464964213
1468901721
1367876037
178041383
178041383
178041383
744469127
744469127
1367876037
1008015038
823245552
823245552
823245552
823245552
636669793
636669793
823245552
823245552
1008015038
1008015038
1008015038
1147978042
378557236
378557236
378557236
378557236
498293653
498293653
498293653
498293653
749628265
749628265
1147978042
1147978042
1147978042
1314986528
1314986528
1352265796
1352265796
1367876037
1367876037
565752218
565752218
1367876037
322691867
322691867
1367876037
1367876037
1394276956
1087397230
1087397230
1394276956
1394276956
1468901721
1468901721
1524223713
275512400
275512400
275512400
275512400
1524223713
1524223713
1586031449
1586031449
1600750036
1600750036
1649397088
1649397088
1672137150
556067993
556067993
556067993
771952126
771952126
771952126
1672137150
294220953
294220953
294220953
294220953
294220953
834563596
834563596
834563596
1164809551
922419946
922419946
1164809551
1164809551
1258653563
328496741
328496741
328496741
328496741
328496741
328496741
328496741
328496741
588143287
588143287
1228277810
419671980
419671980
419671980
730360750
723219309
723219309
723219309
730360750
298957161
298957161
298957161
730360750
730360750
730360750
753956873
753956873
753956873
753956873
982307521
982307521
1228277810
1228277810
1242031513
1242031513
1242031513
1242031513
1246418718
1246418718
1258653563
1258653563
1443782506
130190526
130190526
130190526
130190526
551466649
551466649
551466649
806732188
806732188
1443782506
1443782506
1443782506
1508095237
303375891
303375891
303375891
1508095237
618067045
328135944
328135944
618067045
618067045
1508095237
1508095237
1593324915
1593324915
1665555948
1665555948
1672137150
1672137150
1672137150
1672137150
1672790601
1672790601
1699981233
1699981233
1700054157
1133235751
234036894
234036894
234036894
234036894
411150346
411150346
1133235751
1133235751
1700054157
1700054157
1729295774
1729295774
1729295774
1779403826
1779403826
1797545818
1549768499
1549768499
1360826878
1327485689
1327485689
1360826878
1360826878
1549768499
49356635
49356635
49356635
172127110
172127110
1549768499
1441769733
1194878235
1194878235
1441769733
1441769733
1549768499
1549768499
1789068997
1789068997
1797545818
1434289181
1434289181
1797545818
866316852
39416173
39416173
866316852
866316852
1797545818
131735828
131735828
1797545818
1797545818
1819610389
1322889268
1322889268
1322889268
1527730516
1527730516
1819610389
1819610389
1825599569
1825599569
1866381828
953955679
953955679
953955679
839014671
839014671
953955679
953955679
1034872486
456401230
456401230
456401230
456401230
456401230
456401230
456401230
456401230
473843532
473843532
636746767
636746767
1034872486
765709767
765709767
1034872486
687790183
687790183
1034872486
1034872486
1034872486
1115380003
1115380003
1609692258
61825658
61825658
1609692258
777350022
610713283
610713283
777350022
777350022
1609692258
1609692258
1804176885
1804176885
1850218916
178882723
178882723
1850218916
982849867
982849867
982849867
1774872177
120938954
120938954
120938954
120938954
120938954
120938954
582044450
582044450
1057975059
838304425
838304425
838304425
838304425
838304425
838304425
838304425
1057975059
1057975059
1057975059
1116635814
1116635814
1241071374
1241071374
1241071374
1241071374
1334734120
1334734120
1492144341
1492144341
1718795770
96226910
96226910
96226910
142935585
142935585
1718795770
1718795770
1774872177
1774872177
1850218916
1850218916
1865792337
1325429022
1325429022
1325429022
1865792337
1865792337
1866381828
1866381828
1874322959
1874322959
1876357749
1876357749
1882878569
629112222
629112222
598296171
598296171
629112222
629112222
1103855100
1103855100
1063147994
1063147994
1063147994
1063147994
1103855100
1103855100
1245366428
1245366428
1568161134
1568161134
1568161134
1882878569
1202072082
1202072082
1882878569
1882878569
92047838
92047838
1882878569
1882878569
1902023058
1902023058
1923639117
1923639117
1936216400
1936216400
1936221316
1936221316
1940615194
1940615194
1951780849
1346573055
1346573055
1951780849
593477208
593477208
71645489
18330362
18330362
71645489
71645489
71645489
150953049
150953049
593477208
593477208
1696034327
1696034327
1951780849
704511740
704511740
1951780849
1741823604
772517255
772517255
1741823604
1741823604
1741823604
1826440354
1826440354
1951780849
1951780849
1954564452
1954564452
1985103428
1985103428
1992584593
1992584593
2013779612
2013779612
2025382869
2025382869
2050932421
1357303476
494407068
494407068
1357303476
1357303476
2050932421
2050932421
2061998813
242470067
242470067
242470067
606809537
606809537
606809537
606809537
606809537
216414017
216414017
216414017
351311625
351311625
351311625
351311625
351311625
606809537
606809537
675075901
675075901
675075901
675075901
675075901
729728301
729728301
1005525413
1005525413
1080426881
163071610
163071610
163071610
163071610
1080426881
1080426881
1222602464
1222602464
1403334718
121844914
121844914
121844914
121844914
121844914
288482700
288482700
482700216
482700216
1403334718
1403334718
1467294699
1360567307
1353586731
179223115
179223115
179223115
179223115
1037054709
1037054709
1037054709
1101356079
1101356079
1353586731
1353586731
1353586731
1360567307
1360567307
1389286610
1389286610
1467294699
685734296
685734296
685734296
1467294699
1467294699
1484123931
1484123931
1639543132
1639543132
1692782565
1692782565
1699956045
566979558
398928973
398928973
566979558
566979558
1699956045
1699956045
1971519256
1971519256
2037002998
2037002998
2061998813
1787415772
1787415772
2061998813
2001525483
1038186882
419134198
419134198
1038186882
15605717
15605717
15605717
208108668
208108668
208108668
1038186882
1038186882
1038186882
1139778667
1139778667
1631925303
1631925303
2001525483
613362579
613362579
2001525483
2001525483
2061998813
2061998813
2062245459
249253036
249253036
249253036
1343353150
1343353150
2062245459
2062245459
2062425874
1993052511
1724024037
298290414
298290414
298290414
298290414
1068884606
1068884606
1068884606
1068884606
584131936
584131936
1068884606
1068884606
1068884606
1107221707
1107221707
1217543344
1217543344
1369298017
522547114
522547114
1369298017
1369298017
1437721949
1006193242
1006193242
878374803
878374803
878374803
1006193242
1006193242
1006193242
1006193242
1138547416
453453942
453453942
1138547416
1138547416
1138547416
1164222428
1022566520
1022566520
1164222428
1164222428
1437721949
1437721949
1724024037
1724024037
1830591813
1830591813
1856406665
120955734
120955734
120955734
1856406665
859044660
859044660
1856406665
1856406665
1870560130
1870560130
1887458560
1801300060
1801300060
1887458560
1599419203
1599419203
1887458560
327091137
327091137
1887458560
1449782162
1449782162
1887458560
1887458560
1887458560
1943614140
1504527450
1504527450
1943614140
1943614140
694505020
384190144
384190144
694505020
694505020
694505020
792333666
771092698
703023779
703023779
771092698
725840832
725840832
771092698
771092698
771092698
771092698
792333666
307670454
307670454
307670454
307670454
307670454
629938718
629938718
629938718
629938718
654808018
654808018
654808018
654808018
654808018
654808018
654976715
654976715
654976715
792333666
792333666
792333666
971045427
971045427
999366608
860138982
860138982
999366608
999366608
3261559
3261559
3261559
999366608
999366608
1039791857
1039791857
1414171906
1414171906
1467713250
616699966
616699966
615113110
615113110
616699966
153559737
153559737
153559737
153559737
153559737
545827506
545827506
616699966
616699966
680940679
504826282
504826282
504826282
680940679
680940679
1467713250
1467713250
1496877489
1496877489
1529852958
954161183
954161183
954161183
1529852958
1529852958
1665855088
1665855088
1711635685
563945117
563945117
563945117
563945117
1592609616
1402755865
259832281
259832281
1402755865
443707174
443707174
443707174
926286641
926286641
926286641
926286641
938479255
938479255
1222352276
1222352276
1402755865
1402755865
1592609616
1592609616
1084693862
1084693862
1592609616
1427414699
1427414699
1592609616
287613406
177034693
177034693
287613406
287613406
1592609616
1182282151
1182282151
1592609616
1592609616
1711635685
1185829193
1185829193
1711635685
1711635685
1789370423
1789370423
1849789668
552132423
552132423
1849789668
1849789668
1890055426
795718724
795718724
1890055426
1890055426
1943614140
1943614140
1988275887
1988275887
1991571052
1991571052
1993052511
781743623
533999371
533999371
533999371
781743623
781743623
781743623
781743623
794272647
581384540
581384540
794272647
794272647
1462368065
1462368065
1890977835
1742859238
1415953486
1415953486
1742859238
1742859238
1890977835
1406081458
1406081458
1890977835
1890977835
1993052511
1546333261
1546333261
1993052511
1993052511
2032868168
2032868168
2043264131
2043264131
2044765947
1381783207
1381783207
99696385
99696385
1381783207
1381783207
77002180
77002180
1381783207
1381783207
719832965
719832965
1381783207
676016804
676016804
1381783207
213116322
213116322
1381783207
508658297
508658297
508658297
1341587450
888893253
888893253
1341587450
1341587450
1381783207
1381783207
1381783207
884396099
884396099
884396099
1381783207
1381783207
1381783207
1499987845
1499987845
1512940604
535120685
535120685
535120685
1512940604
294215755
294215755
1512940604
1512940604
1532171324
522649262
522649262
1532171324
1532171324
1600671791
1600671791
1676349373
1676349373
1686232760
1686232760
1708750258
786325746
786325746
1708750258
1708750258
2044765947
2044765947
2062425874
1923706865
1923706865
2062425874
21973263
21973263
2062425874
1160020604
941770062
941770062
1160020604
1160020604
2062425874
2062425874
2069019893
811828240
811828240
2069019893
510338576
510338576
510338576
1741686964
825749248
825749248
825749248
825749248
1724819093
1724819093
1732852022
563267581
563267581
1732852022
1732852022
1350691362
1350691362
1732852022
1546421716
1546421716
1732852022
1732852022
1741686964
1741686964
1805040564
430745894
430745894
430745894
1383351009
762860048
762860048
1383351009
1383351009
1805040564
1805040564
2069019893
1358722534
1358722534
2069019893
422553625
422553625
2069019893
1745542923
74907705
74907705
1745542923
1745542923
1745542923
1047171875
1047171875
1745542923
1745542923
1842896048
1538781293
1538781293
1842896048
1443935742
1443935742
1842896048
171724462
171724462
171724462
171724462
598719922
598719922
598719922
1080921158
1080921158
1640986197
1306716908
1306716908
1640986197
1640804012
607091725
607091725
1640804012
1640804012
1640986197
1530387581
1530387581
1640986197
1302351277
1302351277
1302351277
1302351277
1640986197
1640986197
1640986197
1842896048
1842896048
1896614806
1341657029
870003409
236291241
236291241
870003409
870003409
1341657029
581524361
581524361
542260
542260
542260
542260
581524361
393016536
393016536
581524361
581524361
581524361
685733131
685733131
826402790
826402790
1283816164
1283816164
1341657029
950398491
950398491
950398491
1341657029
1341657029
1681593995
96899595
96899595
1681593995
1681593995
1801019478
1323184400
1323184400
1801019478
1801019478
1896614806
1896614806
1910068925
1910068925
2069019893
2069019893
2081884823
2081884823
2089434785
1859555267
802647190
802647190
1859555267
1324795415
1324795415
1859555267
151884282
151884282
1859555267
1859555267
2089434785
2089434785
2091844887
2091844887
2093897475
733296702
733296702
2093897475
1842690216
1842690216
2093897475
1147733867
1147733867
2093897475
343285998
343285998
2093897475
1965851518
1391625795
1391625795
1965851518
1421074160
1421074160
1421074160
1421350681
1421350681
1965851518
1965851518
2093897475
2093897475
2097644536
1608561411
1181302237
262355103
49382054
49382054
262355103
262355103
1181302237
1181302237
1608561411
1608561411
2097644536
49971882
49971882
49971882
696859792
696859792
2097644536
2097644536
2100112176
2100112176
2103606329
1519386599
369666435
369666435
369666435
1363963834
942424867
942424867
1363963834
1363963834
388358288

elapsed within 32 747 657 nanosecs.