nil
nil
759089129
759089129
nil
nil
nil
nil
nil
316568867
316568867
nil
nil
nil
nil
nil
nil
nil
1437277936
1437277936
nil
nil
nil
1924225205
1924225205
nil
nil
nil
1120295848
1120295848
nil
1087533448
1087533448
nil
nil
nil
1128500892
1128500892
nil
nil
nil
nil
nil
1070169049
1070169049
nil
nil
nil
nil
nil
1074903287
1074903287
1074903287
1259862195
1259862195
nil
nil
nil
nil
nil
nil
nil
1129201268
1129201268
nil
23226218
23226218
nil
1080978275
1024607986
1024607986
1080978275
1080978275
1080978275
285035432
285035432
1080978275
988145989
360992912
360992912
360992912
988145989
988145989
1080978275
1080978275
1279486658
1131204251
1131204251
1279486658
1279486658
1733482628
1733482628
400955815
400955815
1733482628
1733482628
1784507244
1784507244
1961641369
1720410172
1313898691
1313898691
1313898691
1720410172
1720410172
1720410172
1774107362
1774107362
1961641369
477865300
477865300
1961641369
1961641369
2084986286
2084986286
nil
1946592171
1468494782
515376312
515376312
515376312
297612026
297612026
515376312
515376312
515376312
515376312
515376312
515376312
241740671
241740671
241740671
241740671
515376312
515376312
640360157
640360157
749822693
518558546
518558546
749822693
749822693
259515539
259515539
259515539
259515539
259515539
570174613
570174613
570174613
749822693

elapsed within 1 609 312 nanosecs.